{"producer":{"name":"Blender","version":"2.78 (sub 0)","exporter_version":"5.5.0","file":"all.babylon"},
"autoClear":true,"clearColor":[0.0509,0.0509,0.0509],"ambientColor":[0,0,0],"gravity":[0,-9.81,0],
"materials":[{"name":"all.ely_vanguardsoldier_kerwinatienza_M","id":"all.ely_vanguardsoldier_kerwinatienza_M","ambient":[0.8,0.8,0.8],"diffuse":[0.64,0.64,0.64],"specular":[0.5,0.5,0.5],"emissive":[0,0,0],"specularPower":20,"alpha":1,"backFaceCulling":true,"checkReadyOnlyOnce":false,"maxSimultaneousLights":4, 
"diffuseTexture":{"name":"ely-vanguardsoldier-kerwinatienza_diffuse.png","level":1,"hasAlpha":1,"coordinatesMode":0,"uOffset":0,"vOffset":0,"uScale":1,"vScale":1,"uAng":0,"vAng":0,"wAng":0,"wrapU":1,"wrapV":1,"coordinatesIndex":0}, 
"emissiveTexture":{"name":"ely-vanguardsoldier-kerwinatienza_glow.png","level":1,"hasAlpha":1,"coordinatesMode":0,"uOffset":0,"vOffset":0,"uScale":1,"vScale":1,"uAng":0,"vAng":0,"wAng":0,"wrapU":1,"wrapV":1,"coordinatesIndex":0}}],
"multiMaterials":[],
"skeletons":[{"name":"Armature","id":0,"dimensionsAtRest":[179.1592,32.225,178.3974],"bones":[
{"name":"mixamorig_Hips","index":0,"matrix":[0.1258,0.992,-0.0079,0,-0.1378,0.0253,0.9901,0,-0.9824,0.1235,-0.1399,0,-1.1989,-0.4495,100.1052,1],"rest":[1,0,0,0,0,0,1,0,0,1,0,0,-0.0578,0.7065,98.2982,1],"parentBoneIndex":-1,"length":1.5029
,"animation":{"dataType":3,"framePerSecond":24,"keys":[
{"frame":0,"values":[0.9994,-0.0338,-0.0125,0,0.0136,0.0336,0.9993,0,0.0333,0.9989,-0.034,0,0.0766,0.6946,95.4166,1]},
{"frame":1,"values":[0.9998,-0.0209,-0.0053,0,0.0063,0.0471,0.9989,0,0.0206,0.9987,-0.0472,0,0.2274,0.2461,96.5132,1]},
{"frame":2,"values":[0.9999,-0.0046,-0.0109,0,0.0112,0.059,0.9982,0,0.0039,0.9982,-0.0591,0,0.4486,-0.3433,96.4282,1]},
{"frame":3,"values":[0.999,0.0236,-0.0371,0,0.0354,0.0664,0.9972,0,-0.026,0.9975,-0.0655,0,0.734,-0.7245,95.0091,1]},
{"frame":4,"values":[0.9972,0.0493,-0.0555,0,0.0519,0.0714,0.9961,0,-0.0531,0.9962,-0.0687,0,1.0448,-0.725,92.9731,1]},
{"frame":5,"values":[0.9969,0.0595,-0.0521,0,0.048,0.068,0.9965,0,-0.0628,0.9959,-0.065,0,1.4762,-0.5004,91.4824,1]},
{"frame":6,"values":[0.9978,0.0539,-0.0395,0,0.0368,0.05,0.9981,0,-0.0558,0.9973,-0.0479,0,2.1133,0.6754,90.6084,1]},
{"frame":7,"values":[0.9987,0.0424,-0.0299,0,0.0285,0.0332,0.999,0,-0.0434,0.9985,-0.032,0,2.9368,2.1791,89.9958,1]},
{"frame":8,"values":[0.9993,0.0312,-0.0189,0,0.0183,0.0193,0.9996,0,-0.0316,0.9993,-0.0187,0,3.7022,2.9191,89.0031,1]},
{"frame":9,"values":[0.9998,0.018,-0.0031,0,0.0029,0.0077,1,0,-0.018,0.9998,-0.0077,0,4.2926,2.6936,88.6215,1]},
{"frame":10,"values":[1,0.0015,0.0077,0,-0.0077,-0.0015,1,0,-0.0015,1,0.0014,0,4.6455,2.3892,89.36,1]},
{"frame":11,"values":[0.9997,-0.0173,0.016,0,-0.0161,-0.0092,0.9998,0,0.0172,0.9998,0.0095,0,4.6146,2.091,91.0035,1]},
{"frame":12,"values":[0.9991,-0.0364,0.0228,0,-0.0233,-0.0127,0.9996,0,0.0361,0.9993,0.0135,0,4.4055,1.8729,92.6058,1]},
{"frame":13,"values":[0.9982,-0.054,0.0268,0,-0.0273,-0.0078,0.9996,0,0.0538,0.9985,0.0092,0,4.1159,1.8296,93.5537,1]},
{"frame":14,"values":[0.997,-0.0714,0.0302,0,-0.0302,0.0005,0.9995,0,0.0713,0.9975,0.0017,0,3.782,1.8485,94.257,1]},
{"frame":15,"values":[0.9953,-0.09,0.0367,0,-0.0358,0.0111,0.9993,0,0.0903,0.9959,-0.0078,0,3.4227,1.8775,94.6741,1]},
{"frame":16,"values":[0.9921,-0.1131,0.0551,0,-0.052,0.0304,0.9982,0,0.1146,0.9931,-0.0243,0,2.9772,1.9129,93.9926,1]},
{"frame":17,"values":[0.9904,-0.1241,0.0615,0,-0.0558,0.0487,0.9972,0,0.1268,0.9911,-0.0413,0,2.5229,1.8411,92.944,1]},
{"frame":18,"values":[0.9911,-0.1223,0.0533,0,-0.0479,0.0464,0.9978,0,0.1245,0.9914,-0.0401,0,1.8426,2.5611,91.5077,1]},
{"frame":19,"values":[0.9933,-0.1106,0.035,0,-0.0315,0.0327,0.999,0,0.1116,0.9933,-0.029,0,1.0422,3.7765,90.2916,1]},
{"frame":20,"values":[0.995,-0.0978,0.0196,0,-0.017,0.027,0.9995,0,0.0983,0.9948,-0.0253,0,0.2575,4.4709,89.2551,1]},
{"frame":21,"values":[0.9962,-0.0866,0.0037,0,-0.0014,0.0273,0.9996,0,0.0866,0.9959,-0.0271,0,-0.472,4.0943,88.9866,1]},
{"frame":22,"values":[0.9972,-0.0742,-0.006,0,0.0083,0.0303,0.9995,0,0.074,0.9968,-0.0309,0,-0.9098,3.1807,89.6896,1]},
{"frame":23,"values":[0.9981,-0.0606,-0.0103,0,0.0124,0.034,0.9993,0,0.0602,0.9976,-0.0347,0,-0.8615,2.3037,91.2864,1]},
{"frame":24,"values":[0.9988,-0.0468,-0.0121,0,0.0138,0.036,0.9993,0,0.0463,0.9983,-0.0366,0,-0.4113,1.5668,93.3828,1]},
{"frame":30,"values":[0.2818,0.9589,-0.0334,0,-0.1038,0.0651,0.9925,0,-0.9538,0.2762,-0.1179,0,-0.8853,0.3236,102.3057,1]},
{"frame":31,"values":[0.2538,0.9664,-0.0413,0,-0.0933,0.0669,0.9934,0,-0.9628,0.2482,-0.1071,0,-2.7689,0.2241,110.8256,1]},
{"frame":32,"values":[0.2562,0.966,-0.0333,0,-0.051,0.0479,0.9976,0,-0.9653,0.2539,-0.0615,0,-2.5526,-0.0013,116.7434,1]},
{"frame":33,"values":[0.2695,0.963,-0.0055,0,-0.0239,0.0124,0.9996,0,-0.9627,0.2692,-0.0263,0,-0.962,-0.2104,119.7729,1]},
{"frame":34,"values":[0.2756,0.9608,0.0292,0,-0.0433,-0.0179,0.9989,0,-0.9603,0.2766,-0.0367,0,0.6971,-0.2317,121.5967,1]},
{"frame":35,"values":[0.2753,0.9592,0.0638,0,-0.0788,-0.0436,0.9959,0,-0.9581,0.2792,-0.0636,0,2.2286,-0.1767,123.1448,1]},
{"frame":36,"values":[0.2764,0.9568,0.09,0,-0.1048,-0.0631,0.9925,0,-0.9553,0.2838,-0.0828,0,3.3718,-0.1178,124.3807,1]},
{"frame":37,"values":[0.2869,0.9536,0.0917,0,-0.104,-0.0641,0.9925,0,-0.9523,0.2943,-0.0807,0,3.514,-0.0878,124.7871,1]},
{"frame":38,"values":[0.285,0.9549,0.0827,0,-0.0968,-0.0571,0.9937,0,-0.9536,0.2912,-0.0762,0,3.3721,-0.1792,124.663,1]},
{"frame":39,"values":[0.2704,0.9594,0.0802,0,-0.0992,-0.0551,0.9935,0,-0.9576,0.2767,-0.0802,0,2.9658,-0.3857,123.4032,1]},
{"frame":40,"values":[0.2532,0.9644,0.0766,0,-0.1029,-0.0518,0.9933,0,-0.9619,0.2594,-0.0862,0,2.2596,-0.6113,120.8899,1]},
{"frame":41,"values":[0.2329,0.9706,0.0606,0,-0.1027,-0.0374,0.994,0,-0.9671,0.2378,-0.0909,0,1.4488,-0.7009,117.1889,1]},
{"frame":42,"values":[0.2035,0.9787,0.0269,0,-0.0979,-0.007,0.9952,0,-0.9742,0.2051,-0.0944,0,0.2825,-0.6645,112.1176,1]},
{"frame":43,"values":[0.1532,0.9882,-0.0048,0,-0.1134,0.0224,0.9933,0,-0.9817,0.1516,-0.1155,0,-0.8655,-0.5326,104.8514,1]}],"loopBehavior":1,"name":"anim","property":"_matrix"}},
{"name":"mixamorig_Spine","index":1,"matrix":[0.9503,0.1093,-0.2915,0,-0.033,0.9664,0.2547,0,0.3096,-0.2324,0.922,0,0.0124,10.4452,-0.9963,1],"rest":[1,0,0,0,0,1,0,0,0,0,1,0,0.0124,10.4452,-0.9963,1],"parentBoneIndex":0,"length":1.5029
,"animation":{"dataType":3,"framePerSecond":24,"keys":[
{"frame":0,"values":[0.9997,0.0092,0.0218,0,-0.0115,0.9942,0.1074,0,-0.0207,-0.1076,0.994,0,0.0124,10.4452,-0.9963,1]},
{"frame":1,"values":[1,0.0045,0.0004,0,-0.0045,0.9951,0.0987,0,0,-0.0987,0.9951,0,0.0124,10.4452,-0.9963,1]},
{"frame":2,"values":[0.9995,0.0208,-0.0225,0,-0.0187,0.9958,0.0891,0,0.0242,-0.0887,0.9958,0,0.0124,10.4452,-0.9963,1]},
{"frame":3,"values":[0.9969,0.0601,-0.0505,0,-0.056,0.9954,0.0782,0,0.055,-0.0751,0.9957,0,0.0124,10.4452,-0.9963,1]},
{"frame":4,"values":[0.9952,0.0741,-0.064,0,-0.0698,0.9953,0.0673,0,0.0686,-0.0625,0.9957,0,0.0124,10.4452,-0.9963,1]},
{"frame":5,"values":[0.9959,0.0557,-0.071,0,-0.0509,0.9964,0.0676,0,0.0745,-0.0637,0.9952,0,0.0124,10.4452,-0.9963,1]},
{"frame":6,"values":[0.9969,0.0272,-0.0744,0,-0.0222,0.9975,0.0671,0,0.076,-0.0652,0.995,0,0.0124,10.4452,-0.9963,1]},
{"frame":7,"values":[0.9974,0.0016,-0.0726,0,0.0029,0.9981,0.061,0,0.0726,-0.061,0.9955,0,0.0124,10.4452,-0.9963,1]},
{"frame":8,"values":[0.9972,-0.018,-0.0728,0,0.0226,0.9978,0.0628,0,0.0715,-0.0642,0.9954,0,0.0124,10.4452,-0.9963,1]},
{"frame":9,"values":[0.9981,-0.0271,-0.0546,0,0.0309,0.9971,0.0702,0,0.0525,-0.0718,0.996,0,0.0124,10.4452,-0.9963,1]},
{"frame":10,"values":[0.9995,-0.0282,-0.0155,0,0.0294,0.9965,0.0787,0,0.0132,-0.0792,0.9968,0,0.0124,10.4452,-0.9963,1]},
{"frame":11,"values":[0.9993,-0.031,0.0204,0,0.0292,0.996,0.0847,0,-0.0229,-0.0841,0.9962,0,0.0124,10.4452,-0.9963,1]},
{"frame":12,"values":[0.9981,-0.0362,0.0498,0,0.0317,0.9956,0.0883,0,-0.0528,-0.0866,0.9948,0,0.0124,10.4452,-0.9963,1]},
{"frame":13,"values":[0.9965,-0.0421,0.0725,0,0.0356,0.9953,0.0896,0,-0.0759,-0.0867,0.9933,0,0.0124,10.4452,-0.9963,1]},
{"frame":14,"values":[0.9945,-0.0491,0.0925,0,0.0408,0.9951,0.0897,0,-0.0964,-0.0854,0.9917,0,0.0124,10.4452,-0.9963,1]},
{"frame":15,"values":[0.9919,-0.0612,0.1116,0,0.0515,0.9948,0.0876,0,-0.1164,-0.0811,0.9899,0,0.0124,10.4452,-0.9963,1]},
{"frame":16,"values":[0.9877,-0.0909,0.1271,0,0.0815,0.9937,0.0771,0,-0.1333,-0.0658,0.9889,0,0.0124,10.4452,-0.9963,1]},
{"frame":17,"values":[0.9888,-0.0857,0.1226,0,0.0779,0.9947,0.0663,0,-0.1276,-0.056,0.9902,0,0.0124,10.4452,-0.9963,1]},
{"frame":18,"values":[0.9915,-0.0661,0.1121,0,0.0585,0.9958,0.0697,0,-0.1163,-0.0626,0.9912,0,0.0124,10.4452,-0.9963,1]},
{"frame":19,"values":[0.9934,-0.0362,0.1084,0,0.0281,0.9968,0.0747,0,-0.1108,-0.0712,0.9913,0,0.0124,10.4452,-0.9963,1]},
{"frame":20,"values":[0.9924,-0.0157,0.1219,0,0.0071,0.9975,0.0702,0,-0.1227,-0.0688,0.9901,0,0.0124,10.4452,-0.9963,1]},
{"frame":21,"values":[0.9933,-0.0078,0.1155,0,-0.0001,0.9976,0.0686,0,-0.1158,-0.0681,0.9909,0,0.0124,10.4452,-0.9963,1]},
{"frame":22,"values":[0.9965,-0.0063,0.0839,0,-0.0002,0.997,0.077,0,-0.0842,-0.0768,0.9935,0,0.0124,10.4452,-0.9963,1]},
{"frame":23,"values":[0.9986,-0.0034,0.0533,0,-0.0011,0.9964,0.085,0,-0.0534,-0.085,0.9949,0,0.0124,10.4452,-0.9963,1]},
{"frame":24,"values":[0.9994,0.0034,0.0344,0,-0.0066,0.9958,0.0915,0,-0.0339,-0.0917,0.9952,0,0.0124,10.4452,-0.9963,1]},
{"frame":30,"values":[0.9562,0.0782,-0.282,0,-0.0356,0.9875,0.1533,0,0.2905,-0.1366,0.9471,0,0.0124,10.4452,-0.9963,1]},
{"frame":31,"values":[0.9471,0.0744,-0.3121,0,-0.0441,0.9937,0.103,0,0.3178,-0.0837,0.9445,0,0.0124,10.4452,-0.9963,1]},
{"frame":32,"values":[0.9464,0.0897,-0.3102,0,-0.0474,0.9888,0.1414,0,0.3194,-0.1192,0.9401,0,0.0124,10.4452,-0.9963,1]},
{"frame":33,"values":[0.952,0.0959,-0.2906,0,-0.0329,0.9762,0.2144,0,0.3042,-0.1946,0.9325,0,0.0124,10.4452,-0.9963,1]},
{"frame":34,"values":[0.9575,0.0871,-0.275,0,-0.0117,0.9643,0.2645,0,0.2882,-0.2501,0.9243,0,0.0124,10.4452,-0.9963,1]},
{"frame":35,"values":[0.9622,0.0744,-0.262,0,0.0087,0.9531,0.3026,0,0.2723,-0.2934,0.9164,0,0.0124,10.4452,-0.9963,1]},
{"frame":36,"values":[0.9664,0.0695,-0.2475,0,0.0189,0.941,0.3378,0,0.2564,-0.3312,0.9081,0,0.0124,10.4452,-0.9963,1]},
{"frame":37,"values":[0.9694,0.0849,-0.2305,0,0.0052,0.9311,0.3646,0,0.2456,-0.3547,0.9022,0,0.0124,10.4452,-0.9963,1]},
{"frame":38,"values":[0.9696,0.103,-0.2218,0,-0.0125,0.9266,0.3758,0,0.2443,-0.3616,0.8997,0,0.0124,10.4452,-0.9963,1]},
{"frame":39,"values":[0.9689,0.1048,-0.2241,0,-0.0164,0.9311,0.3645,0,0.2469,-0.3495,0.9038,0,0.0124,10.4452,-0.9963,1]},
{"frame":40,"values":[0.9672,0.1016,-0.233,0,-0.0166,0.9399,0.341,0,0.2536,-0.326,0.9107,0,0.0124,10.4452,-0.9963,1]},
{"frame":41,"values":[0.9639,0.1049,-0.2446,0,-0.0236,0.9491,0.3141,0,0.265,-0.297,0.9174,0,0.0124,10.4452,-0.9963,1]},
{"frame":42,"values":[0.9589,0.1205,-0.2571,0,-0.0427,0.9564,0.289,0,0.2807,-0.2661,0.9222,0,0.0124,10.4452,-0.9963,1]},
{"frame":43,"values":[0.9524,0.1228,-0.2789,0,-0.0464,0.9629,0.2657,0,0.3012,-0.2401,0.9228,0,0.0124,10.4452,-0.9963,1]}],"loopBehavior":1,"name":"anim","property":"_matrix"}},
{"name":"mixamorig_Spine1","index":2,"matrix":[0.9942,0.0196,-0.106,0,-0.0108,0.9965,0.0827,0,0.1073,-0.0811,0.9909,0,0.0145,12.1861,-1.1623,1],"rest":[1,0,0,0,0,1,0,0,0,0,1,0,0.0146,12.1861,-1.1623,1],"parentBoneIndex":1,"length":1.5029
,"animation":{"dataType":3,"framePerSecond":24,"keys":[
{"frame":0,"values":[0.9989,0.0196,0.0431,0,-0.0215,0.9989,0.0427,0,-0.0422,-0.0435,0.9982,0,0.0145,12.1861,-1.1623,1]},
{"frame":1,"values":[0.9995,0.0077,0.0299,0,-0.0088,0.9992,0.0378,0,-0.0296,-0.038,0.9988,0,0.0146,12.1861,-1.1623,1]},
{"frame":2,"values":[0.9998,-0.0083,0.0163,0,0.0078,0.9994,0.0348,0,-0.0166,-0.0346,0.9993,0,0.0145,12.1861,-1.1623,1]},
{"frame":3,"values":[0.9996,-0.0267,0.0017,0,0.0266,0.999,0.0347,0,-0.0026,-0.0346,0.9994,0,0.0145,12.1861,-1.1623,1]},
{"frame":4,"values":[0.9993,-0.0325,-0.0158,0,0.0331,0.9989,0.0345,0,0.0147,-0.035,0.9993,0,0.0145,12.1861,-1.1623,1]},
{"frame":5,"values":[0.999,-0.0294,-0.0328,0,0.0305,0.9989,0.0349,0,0.0317,-0.0359,0.9989,0,0.0146,12.1861,-1.1623,1]},
{"frame":6,"values":[0.9987,-0.0253,-0.0432,0,0.0267,0.9991,0.034,0,0.0423,-0.0351,0.9985,0,0.0145,12.1861,-1.1623,1]},
{"frame":7,"values":[0.9989,-0.017,-0.0438,0,0.0182,0.9994,0.028,0,0.0434,-0.0287,0.9986,0,0.0145,12.1861,-1.1623,1]},
{"frame":8,"values":[0.9993,-0.0115,-0.0349,0,0.0123,0.9997,0.022,0,0.0347,-0.0224,0.9991,0,0.0146,12.1861,-1.1623,1]},
{"frame":9,"values":[0.9996,-0.0112,-0.0256,0,0.0118,0.9997,0.0232,0,0.0254,-0.0235,0.9994,0,0.0145,12.1861,-1.1623,1]},
{"frame":10,"values":[0.9999,-0.0082,-0.011,0,0.0085,0.9996,0.0279,0,0.0107,-0.028,0.9995,0,0.0145,12.1861,-1.1623,1]},
{"frame":11,"values":[0.9999,-0.0051,0.0112,0,0.0048,0.9995,0.0317,0,-0.0114,-0.0316,0.9994,0,0.0146,12.1861,-1.1623,1]},
{"frame":12,"values":[0.9994,-0.0001,0.0351,0,-0.0011,0.9994,0.0342,0,-0.0351,-0.0342,0.9988,0,0.0145,12.1861,-1.1623,1]},
{"frame":13,"values":[0.9983,0.0098,0.057,0,-0.0118,0.9993,0.0353,0,-0.0566,-0.0359,0.9978,0,0.0146,12.1861,-1.1623,1]},
{"frame":14,"values":[0.9967,0.0214,0.0783,0,-0.0243,0.9991,0.0358,0,-0.0775,-0.0376,0.9963,0,0.0146,12.1861,-1.1623,1]},
{"frame":15,"values":[0.9945,0.0344,0.0991,0,-0.0382,0.9986,0.037,0,-0.0977,-0.0406,0.9944,0,0.0146,12.1861,-1.1623,1]},
{"frame":16,"values":[0.9917,0.0509,0.1177,0,-0.056,0.9976,0.0406,0,-0.1153,-0.0468,0.9922,0,0.0146,12.1861,-1.1623,1]},
{"frame":17,"values":[0.9898,0.0511,0.1333,0,-0.0568,0.9976,0.0388,0,-0.131,-0.046,0.9903,0,0.0146,12.1861,-1.1623,1]},
{"frame":18,"values":[0.9889,0.0486,0.1406,0,-0.0545,0.9978,0.0384,0,-0.1384,-0.0457,0.9893,0,0.0146,12.1861,-1.1623,1]},
{"frame":19,"values":[0.9892,0.0444,0.14,0,-0.0501,0.998,0.0376,0,-0.138,-0.0442,0.9894,0,0.0145,12.1861,-1.1623,1]},
{"frame":20,"values":[0.9903,0.0442,0.1317,0,-0.0493,0.9981,0.0359,0,-0.1299,-0.042,0.9906,0,0.0145,12.1861,-1.1623,1]},
{"frame":21,"values":[0.9915,0.0441,0.1228,0,-0.0487,0.9982,0.0352,0,-0.121,-0.0409,0.9918,0,0.0145,12.1861,-1.1623,1]},
{"frame":22,"values":[0.9933,0.0403,0.108,0,-0.0446,0.9983,0.0378,0,-0.1063,-0.0423,0.9934,0,0.0146,12.1861,-1.1623,1]},
{"frame":23,"values":[0.9958,0.0343,0.0845,0,-0.038,0.9984,0.0424,0,-0.0829,-0.0454,0.9955,0,0.0146,12.1861,-1.1623,1]},
{"frame":24,"values":[0.9979,0.027,0.0591,0,-0.0296,0.9986,0.0446,0,-0.0578,-0.0462,0.9973,0,0.0146,12.1861,-1.1623,1]},
{"frame":30,"values":[0.997,0.0157,-0.0758,0,-0.0121,0.9987,0.0487,0,0.0765,-0.0476,0.9959,0,0.0146,12.1861,-1.1623,1]},
{"frame":31,"values":[0.9962,0.0146,-0.0863,0,-0.0118,0.9994,0.0334,0,0.0867,-0.0322,0.9957,0,0.0146,12.1861,-1.1623,1]},
{"frame":32,"values":[0.9958,0.0176,-0.0903,0,-0.0141,0.9991,0.0395,0,0.0909,-0.0381,0.9951,0,0.0146,12.1861,-1.1623,1]},
{"frame":33,"values":[0.9959,0.0191,-0.0882,0,-0.014,0.9982,0.0582,0,0.0891,-0.0567,0.9944,0,0.0145,12.1861,-1.1623,1]},
{"frame":34,"values":[0.9961,0.0162,-0.0866,0,-0.0099,0.9973,0.0727,0,0.0876,-0.0716,0.9936,0,0.0145,12.1861,-1.1623,1]},
{"frame":35,"values":[0.9962,0.0119,-0.086,0,-0.0047,0.9964,0.0843,0,0.0867,-0.0836,0.9927,0,0.0146,12.1861,-1.1623,1]},
{"frame":36,"values":[0.9963,0.0095,-0.0851,0,-0.0014,0.9955,0.0949,0,0.0856,-0.0945,0.9918,0,0.0145,12.1861,-1.1623,1]},
{"frame":37,"values":[0.9964,0.0123,-0.0843,0,-0.0036,0.9947,0.1027,0,0.0851,-0.102,0.9911,0,0.0145,12.1861,-1.1623,1]},
{"frame":38,"values":[0.9962,0.0172,-0.0853,0,-0.0081,0.9942,0.1069,0,0.0866,-0.1058,0.9906,0,0.0145,12.1861,-1.1623,1]},
{"frame":39,"values":[0.9959,0.0189,-0.0879,0,-0.0095,0.9944,0.1056,0,0.0894,-0.1043,0.9905,0,0.0145,12.1861,-1.1623,1]},
{"frame":40,"values":[0.9956,0.019,-0.0914,0,-0.0097,0.9948,0.101,0,0.0929,-0.0997,0.9907,0,0.0146,12.1861,-1.1623,1]},
{"frame":41,"values":[0.9953,0.0202,-0.095,0,-0.0111,0.9954,0.0951,0,0.0965,-0.0936,0.9909,0,0.0146,12.1861,-1.1623,1]},
{"frame":42,"values":[0.9949,0.0236,-0.0983,0,-0.0148,0.9959,0.089,0,0.1,-0.0871,0.9912,0,0.0145,12.1861,-1.1623,1]},
{"frame":43,"values":[0.9944,0.0233,-0.1032,0,-0.0146,0.9963,0.0841,0,0.1047,-0.0821,0.9911,0,0.0145,12.1861,-1.1623,1]}],"loopBehavior":1,"name":"anim","property":"_matrix"}},
{"name":"mixamorig_Spine2","index":3,"matrix":[0.9942,0.0186,-0.1062,0,-0.0098,0.9965,0.0828,0,0.1073,-0.0813,0.9909,0,0.0166,13.927,-1.3284,1],"rest":[1,0,0,0,0,1,0,0,0,0,1,0,0.0166,13.927,-1.3284,1],"parentBoneIndex":2,"length":1.5029
,"animation":{"dataType":3,"framePerSecond":24,"keys":[
{"frame":0,"values":[0.9989,0.0216,0.0424,0,-0.0234,0.9988,0.0421,0,-0.0414,-0.0431,0.9982,0,0.0166,13.927,-1.3284,1]},
{"frame":1,"values":[0.9995,0.0093,0.0293,0,-0.0104,0.9992,0.0374,0,-0.0289,-0.0377,0.9989,0,0.0166,13.927,-1.3284,1]},
{"frame":2,"values":[0.9998,-0.0071,0.016,0,0.0065,0.9994,0.0343,0,-0.0162,-0.0342,0.9993,0,0.0166,13.927,-1.3284,1]},
{"frame":3,"values":[0.9997,-0.0259,0.0019,0,0.0258,0.9991,0.0336,0,-0.0028,-0.0335,0.9994,0,0.0166,13.927,-1.3284,1]},
{"frame":4,"values":[0.9994,-0.0322,-0.0154,0,0.0327,0.9989,0.0331,0,0.0143,-0.0336,0.9993,0,0.0166,13.927,-1.3284,1]},
{"frame":5,"values":[0.999,-0.0297,-0.0323,0,0.0308,0.999,0.0339,0,0.0313,-0.0349,0.9989,0,0.0166,13.927,-1.3284,1]},
{"frame":6,"values":[0.9987,-0.0259,-0.0429,0,0.0273,0.9991,0.0332,0,0.042,-0.0343,0.9985,0,0.0166,13.927,-1.3284,1]},
{"frame":7,"values":[0.9989,-0.017,-0.0441,0,0.0182,0.9995,0.0275,0,0.0436,-0.0282,0.9986,0,0.0166,13.927,-1.3284,1]},
{"frame":8,"values":[0.9993,-0.0107,-0.0357,0,0.0115,0.9997,0.0215,0,0.0355,-0.0219,0.9991,0,0.0166,13.927,-1.3284,1]},
{"frame":9,"values":[0.9996,-0.0106,-0.0265,0,0.0112,0.9997,0.0224,0,0.0263,-0.0227,0.9994,0,0.0166,13.927,-1.3284,1]},
{"frame":10,"values":[0.9999,-0.0078,-0.0118,0,0.0081,0.9996,0.0273,0,0.0116,-0.0274,0.9996,0,0.0166,13.927,-1.3284,1]},
{"frame":11,"values":[0.9999,-0.0044,0.0105,0,0.0041,0.9995,0.0315,0,-0.0106,-0.0315,0.9994,0,0.0166,13.927,-1.3284,1]},
{"frame":12,"values":[0.9994,0.0012,0.0344,0,-0.0024,0.9994,0.0342,0,-0.0344,-0.0342,0.9988,0,0.0166,13.927,-1.3284,1]},
{"frame":13,"values":[0.9983,0.0116,0.0563,0,-0.0136,0.9993,0.0347,0,-0.0558,-0.0354,0.9978,0,0.0166,13.927,-1.3284,1]},
{"frame":14,"values":[0.9967,0.0239,0.0775,0,-0.0266,0.999,0.0346,0,-0.0766,-0.0365,0.9964,0,0.0166,13.927,-1.3284,1]},
{"frame":15,"values":[0.9945,0.0375,0.098,0,-0.0411,0.9985,0.0348,0,-0.0966,-0.0386,0.9946,0,0.0166,13.927,-1.3284,1]},
{"frame":16,"values":[0.9917,0.0551,0.116,0,-0.0597,0.9975,0.0366,0,-0.1137,-0.0432,0.9926,0,0.0166,13.927,-1.3284,1]},
{"frame":17,"values":[0.9898,0.0554,0.1316,0,-0.0606,0.9975,0.0353,0,-0.1293,-0.0429,0.9907,0,0.0166,13.927,-1.3284,1]},
{"frame":18,"values":[0.9889,0.0531,0.139,0,-0.0585,0.9977,0.0354,0,-0.1368,-0.0432,0.9897,0,0.0166,13.927,-1.3284,1]},
{"frame":19,"values":[0.9891,0.0488,0.1388,0,-0.0542,0.9979,0.0349,0,-0.1368,-0.042,0.9897,0,0.0166,13.927,-1.3284,1]},
{"frame":20,"values":[0.9902,0.0481,0.131,0,-0.0528,0.9981,0.0326,0,-0.1292,-0.0392,0.9908,0,0.0166,13.927,-1.3284,1]},
{"frame":21,"values":[0.9914,0.0475,0.1223,0,-0.0517,0.9981,0.0321,0,-0.1206,-0.0381,0.992,0,0.0166,13.927,-1.3284,1]},
{"frame":22,"values":[0.9932,0.0436,0.1076,0,-0.0476,0.9982,0.0354,0,-0.1059,-0.0403,0.9936,0,0.0166,13.927,-1.3284,1]},
{"frame":23,"values":[0.9958,0.0374,0.084,0,-0.0409,0.9983,0.0409,0,-0.0824,-0.0442,0.9956,0,0.0166,13.927,-1.3284,1]},
{"frame":24,"values":[0.9979,0.0294,0.0584,0,-0.032,0.9985,0.0439,0,-0.0571,-0.0457,0.9973,0,0.0166,13.927,-1.3284,1]},
{"frame":30,"values":[0.997,0.0166,-0.0756,0,-0.0129,0.9987,0.0486,0,0.0763,-0.0475,0.996,0,0.0166,13.927,-1.3284,1]},
{"frame":31,"values":[0.9962,0.0153,-0.086,0,-0.0124,0.9994,0.0338,0,0.0865,-0.0326,0.9957,0,0.0166,13.927,-1.3284,1]},
{"frame":32,"values":[0.9958,0.0178,-0.0899,0,-0.0142,0.9991,0.0401,0,0.0906,-0.0387,0.9951,0,0.0166,13.927,-1.3284,1]},
{"frame":33,"values":[0.996,0.0189,-0.0877,0,-0.0138,0.9982,0.0589,0,0.0887,-0.0575,0.9944,0,0.0166,13.927,-1.3284,1]},
{"frame":34,"values":[0.9962,0.0159,-0.086,0,-0.0095,0.9972,0.0735,0,0.087,-0.0724,0.9936,0,0.0166,13.927,-1.3284,1]},
{"frame":35,"values":[0.9963,0.0115,-0.0852,0,-0.0043,0.9964,0.0852,0,0.0858,-0.0846,0.9927,0,0.0166,13.927,-1.3284,1]},
{"frame":36,"values":[0.9964,0.009,-0.0841,0,-0.0009,0.9954,0.096,0,0.0846,-0.0956,0.9918,0,0.0166,13.927,-1.3284,1]},
{"frame":37,"values":[0.9965,0.0115,-0.083,0,-0.0028,0.9946,0.104,0,0.0837,-0.1034,0.9911,0,0.0166,13.927,-1.3284,1]},
{"frame":38,"values":[0.9963,0.016,-0.084,0,-0.0069,0.9941,0.1082,0,0.0852,-0.1073,0.9906,0,0.0166,13.927,-1.3284,1]},
{"frame":39,"values":[0.9961,0.0175,-0.0868,0,-0.0082,0.9942,0.1068,0,0.0882,-0.1057,0.9905,0,0.0166,13.927,-1.3284,1]},
{"frame":40,"values":[0.9957,0.0176,-0.0907,0,-0.0083,0.9947,0.102,0,0.092,-0.1009,0.9906,0,0.0166,13.927,-1.3284,1]},
{"frame":41,"values":[0.9953,0.0188,-0.0945,0,-0.0097,0.9953,0.096,0,0.0959,-0.0946,0.9909,0,0.0166,13.927,-1.3284,1]},
{"frame":42,"values":[0.9949,0.0222,-0.0982,0,-0.0134,0.9959,0.0896,0,0.0997,-0.0878,0.9911,0,0.0166,13.927,-1.3284,1]},
{"frame":43,"values":[0.9944,0.0222,-0.1032,0,-0.0135,0.9963,0.0844,0,0.1047,-0.0826,0.9911,0,0.0166,13.927,-1.3284,1]}],"loopBehavior":1,"name":"anim","property":"_matrix"}},
{"name":"mixamorig_Neck","index":4,"matrix":[0.9862,0.1374,-0.0927,0,-0.1533,0.9686,-0.1957,0,0.0629,0.2072,0.9763,0,0.0187,15.6678,-1.4944,1],"rest":[1,0,0,0,0,1,0,0,0,0,1,0,0.0187,15.6678,-1.4944,1],"parentBoneIndex":3,"length":1.5029
,"animation":{"dataType":3,"framePerSecond":24,"keys":[
{"frame":0,"values":[0.9993,-0.0045,-0.0371,0,0.0041,1,-0.0085,0,0.0372,0.0083,0.9993,0,0.0187,15.6678,-1.4944,1]},
{"frame":1,"values":[0.9995,-0.0061,-0.0314,0,0.0058,0.9999,-0.0083,0,0.0314,0.0081,0.9995,0,0.0187,15.6678,-1.4944,1]},
{"frame":2,"values":[0.9997,-0.0004,-0.0234,0,0.0001,1,-0.0099,0,0.0234,0.0099,0.9997,0,0.0187,15.6678,-1.4944,1]},
{"frame":3,"values":[0.9998,0.013,-0.0137,0,-0.0132,0.9999,-0.0104,0,0.0136,0.0106,0.9999,0,0.0187,15.6678,-1.4944,1]},
{"frame":4,"values":[0.9998,0.0202,-0.0046,0,-0.0202,0.9997,-0.01,0,0.0044,0.0101,0.9999,0,0.0187,15.6678,-1.4944,1]},
{"frame":5,"values":[0.9998,0.0173,0.0028,0,-0.0173,0.9998,-0.013,0,-0.003,0.013,0.9999,0,0.0187,15.6679,-1.4944,1]},
{"frame":6,"values":[1,0.0059,0.0073,0,-0.0058,0.9999,-0.0109,0,-0.0073,0.0109,0.9999,0,0.0187,15.6678,-1.4944,1]},
{"frame":7,"values":[0.9998,-0.0179,0.0062,0,0.018,0.9998,-0.005,0,-0.0061,0.0051,1,0,0.0187,15.6678,-1.4944,1]},
{"frame":8,"values":[0.9992,-0.0391,0.0012,0,0.0391,0.9992,-0.0032,0,-0.001,0.0032,1,0,0.0187,15.6678,-1.4944,1]},
{"frame":9,"values":[0.9987,-0.0497,-0.0059,0,0.0497,0.9988,-0.0014,0,0.006,0.0011,1,0,0.0187,15.6678,-1.4944,1]},
{"frame":10,"values":[0.9985,-0.0516,-0.0157,0,0.0516,0.9987,-0.0011,0,0.0158,0.0003,0.9999,0,0.0187,15.6678,-1.4944,1]},
{"frame":11,"values":[0.9988,-0.0418,-0.0264,0,0.0419,0.9991,0.0014,0,0.0264,-0.0025,0.9996,0,0.0187,15.6678,-1.4944,1]},
{"frame":12,"values":[0.9988,-0.0309,-0.0373,0,0.0311,0.9995,0.0041,0,0.0372,-0.0053,0.9993,0,0.0187,15.6678,-1.4944,1]},
{"frame":13,"values":[0.9985,-0.0262,-0.0485,0,0.0265,0.9996,0.0054,0,0.0483,-0.0067,0.9988,0,0.0187,15.6678,-1.4944,1]},
{"frame":14,"values":[0.9979,-0.0237,-0.0597,0,0.0241,0.9997,0.0062,0,0.0596,-0.0076,0.9982,0,0.0187,15.6678,-1.4944,1]},
{"frame":15,"values":[0.9972,-0.0246,-0.071,0,0.0251,0.9997,0.006,0,0.0708,-0.0077,0.9975,0,0.0187,15.6678,-1.4944,1]},
{"frame":16,"values":[0.9959,-0.0376,-0.082,0,0.0379,0.9993,0.0021,0,0.0819,-0.0052,0.9966,0,0.0187,15.6678,-1.4944,1]},
{"frame":17,"values":[0.9951,-0.0419,-0.0894,0,0.0418,0.9991,-0.0032,0,0.0895,-0.0005,0.996,0,0.0187,15.6678,-1.4944,1]},
{"frame":18,"values":[0.995,-0.0368,-0.0926,0,0.0362,0.9993,-0.0083,0,0.0929,0.0049,0.9957,0,0.0187,15.6678,-1.4944,1]},
{"frame":19,"values":[0.9956,-0.0194,-0.0921,0,0.0189,0.9998,-0.0069,0,0.0922,0.0051,0.9957,0,0.0187,15.6678,-1.4944,1]},
{"frame":20,"values":[0.9961,0.0003,-0.0886,0,-0.0004,1,-0.001,0,0.0886,0.001,0.9961,0,0.0187,15.6678,-1.4944,1]},
{"frame":21,"values":[0.9967,0.0145,-0.0803,0,-0.0144,0.9999,0.0012,0,0.0803,0,0.9968,0,0.0187,15.6678,-1.4944,1]},
{"frame":22,"values":[0.9975,0.0224,-0.0674,0,-0.0226,0.9997,-0.0016,0,0.0674,0.0031,0.9977,0,0.0187,15.6678,-1.4944,1]},
{"frame":23,"values":[0.9984,0.0188,-0.0536,0,-0.019,0.9998,-0.004,0,0.0535,0.005,0.9986,0,0.0187,15.6678,-1.4944,1]},
{"frame":24,"values":[0.9991,0.0065,-0.0423,0,-0.0067,1,-0.0042,0,0.0423,0.0045,0.9991,0,0.0187,15.6678,-1.4944,1]},
{"frame":30,"values":[0.9953,0.0231,-0.0941,0,-0.0606,0.9062,-0.4185,0,0.0756,0.4222,0.9033,0,0.0187,15.6678,-1.4944,1]},
{"frame":31,"values":[0.9959,0.0061,-0.09,0,-0.0421,0.9142,-0.4031,0,0.0798,0.4053,0.9107,0,0.0187,15.6678,-1.4944,1]},
{"frame":32,"values":[0.996,0.0225,-0.0868,0,-0.053,0.9284,-0.3678,0,0.0723,0.3709,0.9259,0,0.0187,15.6678,-1.4944,1]},
{"frame":33,"values":[0.9951,0.0437,-0.0882,0,-0.0709,0.9398,-0.3344,0,0.0683,0.339,0.9383,0,0.0187,15.6678,-1.4944,1]},
{"frame":34,"values":[0.9939,0.062,-0.0908,0,-0.0875,0.9461,-0.3119,0,0.0665,0.318,0.9458,0,0.0187,15.6678,-1.4944,1]},
{"frame":35,"values":[0.9925,0.0794,-0.0932,0,-0.1035,0.9504,-0.2934,0,0.0652,0.3009,0.9514,0,0.0187,15.6678,-1.4944,1]},
{"frame":36,"values":[0.9909,0.0958,-0.0948,0,-0.1186,0.9536,-0.2768,0,0.0639,0.2855,0.9563,0,0.0187,15.6678,-1.4944,1]},
{"frame":37,"values":[0.9897,0.1079,-0.0943,0,-0.1293,0.9557,-0.2643,0,0.0616,0.2738,0.9598,0,0.0187,15.6678,-1.4944,1]},
{"frame":38,"values":[0.9893,0.1116,-0.0935,0,-0.132,0.9587,-0.2521,0,0.0615,0.2617,0.9632,0,0.0187,15.6678,-1.4944,1]},
{"frame":39,"values":[0.9892,0.114,-0.092,0,-0.1328,0.9628,-0.2352,0,0.0618,0.2448,0.9676,0,0.0187,15.6678,-1.4944,1]},
{"frame":40,"values":[0.9885,0.1213,-0.0898,0,-0.1382,0.9664,-0.2166,0,0.0606,0.2266,0.9721,0,0.0187,15.6678,-1.4944,1]},
{"frame":41,"values":[0.987,0.1344,-0.0878,0,-0.1496,0.9684,-0.1994,0,0.0583,0.21,0.976,0,0.0187,15.6678,-1.4944,1]},
{"frame":42,"values":[0.9849,0.1496,-0.0865,0,-0.1636,0.9685,-0.1875,0,0.0558,0.1988,0.9784,0,0.0187,15.6678,-1.4944,1]},
{"frame":43,"values":[0.9849,0.1481,-0.0896,0,-0.1629,0.9678,-0.1916,0,0.0584,0.2034,0.9774,0,0.0187,15.6678,-1.4944,1]}],"loopBehavior":1,"name":"anim","property":"_matrix"}},
{"name":"mixamorig_Head","index":5,"matrix":[0.69,-0.4509,-0.5662,0,0.4553,0.8785,-0.1447,0,0.5627,-0.158,0.8114,0,0,7.0878,0.8887,1],"rest":[1,0,0,0,0,1,0,0,0,0,1,0,0,7.0878,0.8887,1],"parentBoneIndex":4,"length":1.5029
,"animation":{"dataType":3,"framePerSecond":24,"keys":[
{"frame":0,"values":[0.9963,-0.0371,-0.077,0,0.0326,0.9978,-0.0583,0,0.079,0.0555,0.9953,0,0,7.0878,0.8887,1]},
{"frame":1,"values":[0.998,-0.0352,-0.052,0,0.0326,0.9981,-0.0514,0,0.0537,0.0497,0.9973,0,0,7.0878,0.8887,1]},
{"frame":2,"values":[0.9988,-0.0372,-0.0315,0,0.0355,0.9979,-0.0539,0,0.0334,0.0527,0.9981,0,0,7.0878,0.8887,1]},
{"frame":3,"values":[0.9989,-0.0421,-0.0197,0,0.0408,0.997,-0.0656,0,0.0224,0.0648,0.9976,0,0,7.0878,0.8887,1]},
{"frame":4,"values":[0.9989,-0.0436,-0.0162,0,0.0422,0.9958,-0.0812,0,0.0197,0.0804,0.9966,0,0,7.0878,0.8887,1]},
{"frame":5,"values":[0.9992,-0.0407,-0.0043,0,0.0401,0.9945,-0.0964,0,0.0082,0.0961,0.9953,0,0,7.0878,0.8887,1]},
{"frame":6,"values":[0.9996,-0.0244,0.0145,0,0.0257,0.9949,-0.0977,0,-0.0121,0.098,0.9951,0,0,7.0878,0.8887,1]},
{"frame":7,"values":[0.9996,0.0041,0.0291,0,-0.0018,0.997,-0.077,0,-0.0294,0.077,0.9966,0,0,7.0878,0.8887,1]},
{"frame":8,"values":[0.9988,0.0345,0.0344,0,-0.0326,0.998,-0.0548,0,-0.0362,0.0536,0.9979,0,0,7.0878,0.8887,1]},
{"frame":9,"values":[0.999,0.039,0.0199,0,-0.0377,0.9975,-0.0605,0,-0.0223,0.0597,0.998,0,0,7.0878,0.8887,1]},
{"frame":10,"values":[0.9997,0.0174,-0.015,0,-0.0184,0.9974,-0.0702,0,0.0138,0.0705,0.9974,0,0,7.0878,0.8887,1]},
{"frame":11,"values":[0.9985,-0.0084,-0.055,0,0.005,0.998,-0.0623,0,0.0554,0.0619,0.9965,0,0,7.0878,0.8887,1]},
{"frame":12,"values":[0.9954,-0.0281,-0.0914,0,0.0236,0.9985,-0.05,0,0.0926,0.0476,0.9946,0,0,7.0878,0.8887,1]},
{"frame":13,"values":[0.9921,-0.0363,-0.1198,0,0.0312,0.9985,-0.0443,0,0.1213,0.0402,0.9918,0,0,7.0878,0.8887,1]},
{"frame":14,"values":[0.9886,-0.0403,-0.1452,0,0.0347,0.9986,-0.041,0,0.1466,0.0355,0.9886,0,0,7.0878,0.8887,1]},
{"frame":15,"values":[0.9849,-0.0433,-0.1677,0,0.0366,0.9984,-0.0428,0,0.1693,0.036,0.9849,0,0,7.0878,0.8887,1]},
{"frame":16,"values":[0.9827,-0.0439,-0.1796,0,0.033,0.9974,-0.0633,0,0.182,0.0562,0.9817,0,0,7.0878,0.8887,1]},
{"frame":17,"values":[0.982,-0.0458,-0.1834,0,0.0325,0.9967,-0.0746,0,0.1862,0.0673,0.9802,0,0,7.0878,0.8887,1]},
{"frame":18,"values":[0.9813,-0.0524,-0.1854,0,0.0368,0.9955,-0.0868,0,0.1892,0.0783,0.9788,0,0,7.0878,0.8887,1]},
{"frame":19,"values":[0.978,-0.0732,-0.1954,0,0.0545,0.9935,-0.0995,0,0.2015,0.0866,0.9757,0,0,7.0878,0.8887,1]},
{"frame":20,"values":[0.9713,-0.0999,-0.2158,0,0.0804,0.992,-0.0973,0,0.2238,0.0771,0.9716,0,0,7.0878,0.8887,1]},
{"frame":21,"values":[0.9717,-0.0954,-0.2159,0,0.0789,0.9934,-0.0835,0,0.2225,0.0641,0.9728,0,0,7.0878,0.8887,1]},
{"frame":22,"values":[0.9799,-0.0773,-0.184,0,0.0631,0.9946,-0.0819,0,0.1893,0.0686,0.9795,0,0,7.0878,0.8887,1]},
{"frame":23,"values":[0.9887,-0.0569,-0.1388,0,0.0458,0.9956,-0.0818,0,0.1428,0.0745,0.9869,0,0,7.0878,0.8887,1]},
{"frame":24,"values":[0.9943,-0.0404,-0.0986,0,0.0334,0.9968,-0.0724,0,0.1012,0.0687,0.9925,0,0,7.0878,0.8887,1]},
{"frame":30,"values":[0.8543,-0.2247,-0.4687,0,0.278,0.9594,0.0468,0,0.4392,-0.1703,0.8821,0,0,7.0878,0.8887,1]},
{"frame":31,"values":[0.8542,-0.2375,-0.4625,0,0.3162,0.9435,0.0996,0,0.4127,-0.2313,0.881,0,0,7.0878,0.8887,1]},
{"frame":32,"values":[0.8453,-0.2735,-0.459,0,0.3446,0.9356,0.077,0,0.4083,-0.2232,0.8851,0,0,7.0878,0.8887,1]},
{"frame":33,"values":[0.8266,-0.3053,-0.4728,0,0.3634,0.931,0.0342,0,0.4297,-0.2001,0.8805,0,0,7.0878,0.8887,1]},
{"frame":34,"values":[0.8041,-0.3382,-0.4889,0,0.381,0.9245,-0.0128,0,0.4564,-0.176,0.8722,0,0,7.0878,0.8887,1]},
{"frame":35,"values":[0.7802,-0.3712,-0.5035,0,0.3969,0.9159,-0.0602,0,0.4835,-0.1529,0.8619,0,0,7.0878,0.8887,1]},
{"frame":36,"values":[0.7589,-0.3996,-0.5141,0,0.4082,0.9071,-0.1025,0,0.5073,-0.1321,0.8516,0,0,7.0878,0.8887,1]},
{"frame":37,"values":[0.7482,-0.4176,-0.5155,0,0.4138,0.9011,-0.1295,0,0.5186,-0.1164,0.847,0,0,7.0878,0.8887,1]},
{"frame":38,"values":[0.7413,-0.4274,-0.5174,0,0.4208,0.8966,-0.1379,0,0.5229,-0.1155,0.8446,0,0,7.0878,0.8887,1]},
{"frame":39,"values":[0.7344,-0.4335,-0.5223,0,0.429,0.8927,-0.1377,0,0.526,-0.123,0.8416,0,0,7.0878,0.8887,1]},
{"frame":40,"values":[0.7265,-0.438,-0.5295,0,0.4368,0.8892,-0.1362,0,0.5305,-0.1323,0.8373,0,0,7.0878,0.8887,1]},
{"frame":41,"values":[0.715,-0.4429,-0.541,0,0.4456,0.8849,-0.1355,0,0.5387,-0.1442,0.8301,0,0,7.0878,0.8887,1]},
{"frame":42,"values":[0.7013,-0.4461,-0.5561,0,0.4552,0.8805,-0.1323,0,0.5487,-0.1603,0.8205,0,0,7.0878,0.8887,1]},
{"frame":43,"values":[0.6934,-0.4444,-0.5672,0,0.4566,0.8799,-0.1312,0,0.5574,-0.168,0.8131,0,0,7.0878,0.8887,1]}],"loopBehavior":1,"name":"anim","property":"_matrix"}},
{"name":"mixamorig_HeadTop_End","index":6,"matrix":[1,0,0,0,0,1,0,0,0,0,1,0,0,21.3244,2.6737,1],"rest":[1,0,0,0,0,1,0,0,0,0,1,0,0,21.3244,2.6737,1],"parentBoneIndex":5,"length":1.5029
,"animation":{"dataType":3,"framePerSecond":24,"keys":[
{"frame":0,"values":[1,0,0,0,0,1,0,0,0,0,1,0,0,21.3244,2.6737,1]},
{"frame":8,"values":[1,0,0,0,0,1,0,0,0,0,1,0,0,21.3245,2.6737,1]},
{"frame":9,"values":[1,0,0,0,0,1,0,0,0,0,1,0,0,21.3244,2.6737,1]},
{"frame":21,"values":[1,0,0,0,0,1,0,0,0,0,1,0,0,21.3245,2.6737,1]},
{"frame":22,"values":[1,0,0,0,0,1,0,0,0,0,1,0,0,21.3244,2.6737,1]},
{"frame":24,"values":[1,0,0,0,0,1,0,0,0,0,1,0,0,21.3244,2.6737,1]},
{"frame":30,"values":[1,0,0,0,0,1,0,0,0,0,1,0,0,21.3244,2.6737,1]},
{"frame":43,"values":[1,0,0,0,0,1,0,0,0,0,1,0,0,21.3244,2.6737,1]}],"loopBehavior":1,"name":"anim","property":"_matrix"}},
{"name":"mixamorig_LeftShoulder","index":7,"matrix":[0.9981,-0.0006,-0.061,0,0.0005,1,-0.0014,0,0.061,0.0013,0.9981,0,6.2331,12.5731,-1.462,1],"rest":[1,0,0,0,0,1,0,0,0,0,1,0,6.2331,12.5731,-1.462,1],"parentBoneIndex":3,"length":1.5029
,"animation":{"dataType":3,"framePerSecond":24,"keys":[
{"frame":0,"values":[0.9547,-0.2556,0.1525,0,0.2514,0.9668,0.0465,0,-0.1594,-0.0061,0.9872,0,6.2331,12.5731,-1.462,1]},
{"frame":1,"values":[0.9586,-0.2521,0.1325,0,0.2487,0.9677,0.0418,0,-0.1387,-0.0071,0.9903,0,6.2331,12.5731,-1.462,1]},
{"frame":2,"values":[0.9614,-0.2491,0.1173,0,0.2463,0.9685,0.0382,0,-0.1231,-0.0078,0.9924,0,6.2331,12.5731,-1.462,1]},
{"frame":3,"values":[0.9645,-0.2421,0.1052,0,0.2397,0.9702,0.0349,0,-0.1105,-0.0085,0.9938,0,6.2331,12.5731,-1.462,1]},
{"frame":4,"values":[0.9685,-0.2327,0.088,0,0.2309,0.9725,0.0306,0,-0.0927,-0.0093,0.9957,0,6.2331,12.5732,-1.462,1]},
{"frame":5,"values":[0.9681,-0.2367,0.0823,0,0.235,0.9715,0.0297,0,-0.0869,-0.0094,0.9962,0,6.2331,12.5731,-1.462,1]},
{"frame":6,"values":[0.9656,-0.2445,0.0888,0,0.2426,0.9696,0.0317,0,-0.0939,-0.009,0.9955,0,6.2331,12.5731,-1.462,1]},
{"frame":7,"values":[0.9638,-0.2497,0.0933,0,0.2476,0.9683,0.0331,0,-0.0986,-0.0088,0.9951,0,6.2331,12.5731,-1.462,1]},
{"frame":8,"values":[0.9612,-0.256,0.1032,0,0.2536,0.9666,0.0358,0,-0.1089,-0.0082,0.994,0,6.2331,12.5731,-1.462,1]},
{"frame":9,"values":[0.957,-0.2662,0.1154,0,0.2633,0.9639,0.0394,0,-0.1217,-0.0073,0.9925,0,6.2331,12.5732,-1.462,1]},
{"frame":10,"values":[0.9528,-0.2782,0.1218,0,0.275,0.9605,0.0421,0,-0.1287,-0.0066,0.9917,0,6.2331,12.5731,-1.462,1]},
{"frame":11,"values":[0.9509,-0.2803,0.1313,0,0.2769,0.9599,0.0445,0,-0.1385,-0.0059,0.9903,0,6.2331,12.5731,-1.462,1]},
{"frame":12,"values":[0.9505,-0.2766,0.1414,0,0.2728,0.961,0.0464,0,-0.1487,-0.0056,0.9889,0,6.2331,12.5731,-1.462,1]},
{"frame":13,"values":[0.9517,-0.2691,0.148,0,0.265,0.9631,0.047,0,-0.1552,-0.0056,0.9879,0,6.2331,12.5731,-1.462,1]},
{"frame":14,"values":[0.9533,-0.26,0.1537,0,0.2557,0.9656,0.0473,0,-0.1607,-0.0058,0.987,0,6.2331,12.5731,-1.462,1]},
{"frame":15,"values":[0.9543,-0.2521,0.1607,0,0.2476,0.9677,0.0479,0,-0.1676,-0.0059,0.9858,0,6.2331,12.5731,-1.462,1]},
{"frame":16,"values":[0.9528,-0.2496,0.173,0,0.2445,0.9683,0.0502,0,-0.1801,-0.0055,0.9836,0,6.2331,12.5731,-1.462,1]},
{"frame":17,"values":[0.9508,-0.2496,0.1834,0,0.2441,0.9683,0.0525,0,-0.1907,-0.0051,0.9816,0,6.2331,12.5731,-1.462,1]},
{"frame":18,"values":[0.9523,-0.244,0.1834,0,0.2386,0.9697,0.0516,0,-0.1904,-0.0054,0.9817,0,6.2331,12.5731,-1.462,1]},
{"frame":19,"values":[0.9543,-0.2413,0.1765,0,0.2362,0.9704,0.0498,0,-0.1833,-0.0058,0.983,0,6.2331,12.5731,-1.462,1]},
{"frame":20,"values":[0.9567,-0.2397,0.1649,0,0.2351,0.9708,0.0471,0,-0.1714,-0.0063,0.9852,0,6.2331,12.5731,-1.462,1]},
{"frame":21,"values":[0.9585,-0.2366,0.1591,0,0.2323,0.9716,0.0455,0,-0.1654,-0.0067,0.9862,0,6.2331,12.5731,-1.462,1]},
{"frame":22,"values":[0.9578,-0.2388,0.16,0,0.2345,0.971,0.046,0,-0.1664,-0.0065,0.986,0,6.2331,12.5731,-1.462,1]},
{"frame":23,"values":[0.9558,-0.2456,0.1617,0,0.2411,0.9694,0.0472,0,-0.1683,-0.0061,0.9857,0,6.2331,12.5731,-1.462,1]},
{"frame":24,"values":[0.955,-0.2498,0.1598,0,0.2454,0.9683,0.0473,0,-0.1665,-0.006,0.986,0,6.2331,12.5731,-1.462,1]},
{"frame":30,"values":[0.9981,-0.0006,-0.061,0,0.0006,1,-0.0012,0,0.061,0.0011,0.9981,0,6.2331,12.5731,-1.462,1]},
{"frame":31,"values":[0.9981,-0.0006,-0.061,0,0.0006,1,-0.0012,0,0.061,0.0012,0.9981,0,6.2331,12.5731,-1.462,1]},
{"frame":34,"values":[0.9981,-0.0006,-0.061,0,0.0006,1,-0.0013,0,0.061,0.0012,0.9981,0,6.2331,12.5731,-1.462,1]},
{"frame":37,"values":[0.9981,-0.0006,-0.061,0,0.0006,1,-0.0013,0,0.061,0.0013,0.9981,0,6.2331,12.5731,-1.462,1]},
{"frame":39,"values":[0.9981,-0.0006,-0.061,0,0.0005,1,-0.0013,0,0.061,0.0013,0.9981,0,6.2331,12.5731,-1.4621,1]},
{"frame":40,"values":[0.9981,-0.0006,-0.061,0,0.0005,1,-0.0013,0,0.061,0.0013,0.9981,0,6.2331,12.5731,-1.462,1]},
{"frame":42,"values":[0.9981,-0.0006,-0.061,0,0.0005,1,-0.0014,0,0.061,0.0013,0.9981,0,6.2331,12.5731,-1.462,1]},
{"frame":43,"values":[0.9981,-0.0006,-0.061,0,0.0005,1,-0.0014,0,0.061,0.0013,0.9981,0,6.2331,12.5731,-1.462,1]}],"loopBehavior":1,"name":"anim","property":"_matrix"}},
{"name":"mixamorig_LeftArm","index":8,"matrix":[0.1636,-0.4312,0.8873,0,0.9734,-0.0755,-0.2162,0,0.1602,0.8991,0.4074,0,13.4291,-3.5273,0.0647,1],"rest":[1,0,0,0,0,1,0,0,0,0,1,0,13.4291,-3.5273,0.0647,1],"parentBoneIndex":7,"length":1.5029
,"animation":{"dataType":3,"framePerSecond":24,"keys":[
{"frame":0,"values":[0.4356,-0.8982,0.0582,0,0.7991,0.4157,0.4343,0,-0.4143,-0.1427,0.8989,0,13.4291,-3.5273,0.0647,1]},
{"frame":1,"values":[0.4167,-0.9083,-0.0374,0,0.8422,0.3703,0.3919,0,-0.3421,-0.1948,0.9193,0,13.4291,-3.5273,0.0647,1]},
{"frame":2,"values":[0.3897,-0.9126,-0.1241,0,0.8806,0.3297,0.3404,0,-0.2697,-0.2419,0.9321,0,13.4291,-3.5273,0.0647,1]},
{"frame":3,"values":[0.3559,-0.9136,-0.1968,0,0.9123,0.2941,0.2848,0,-0.2023,-0.281,0.9381,0,13.4291,-3.5273,0.0647,1]},
{"frame":4,"values":[0.3256,-0.9135,-0.2438,0,0.9332,0.2691,0.238,0,-0.1518,-0.3051,0.9402,0,13.4291,-3.5273,0.0647,1]},
{"frame":5,"values":[0.3256,-0.9143,-0.2408,0,0.9364,0.2766,0.216,0,-0.1309,-0.2958,0.9463,0,13.4291,-3.5273,0.0647,1]},
{"frame":6,"values":[0.3468,-0.9101,-0.227,0,0.9282,0.2983,0.2224,0,-0.1347,-0.2878,0.9482,0,13.4291,-3.5273,0.0647,1]},
{"frame":7,"values":[0.3778,-0.9025,-0.2069,0,0.9123,0.3247,0.2496,0,-0.1581,-0.283,0.946,0,13.4291,-3.5273,0.0647,1]},
{"frame":8,"values":[0.4167,-0.8923,-0.1736,0,0.8891,0.3602,0.2824,0,-0.1895,-0.272,0.9435,0,13.4291,-3.5273,0.0647,1]},
{"frame":9,"values":[0.4567,-0.8831,-0.1077,0,0.8603,0.4076,0.3061,0,-0.2264,-0.2324,0.9459,0,13.4291,-3.5273,0.0647,1]},
{"frame":10,"values":[0.4822,-0.8758,-0.0202,0,0.839,0.455,0.2986,0,-0.2523,-0.1609,0.9542,0,13.4291,-3.5273,0.0647,1]},
{"frame":11,"values":[0.4919,-0.8682,0.065,0,0.8227,0.4879,0.2919,0,-0.2852,-0.0901,0.9542,0,13.4291,-3.5273,0.0647,1]},
{"frame":12,"values":[0.5,-0.8546,0.14,0,0.8021,0.518,0.2972,0,-0.3265,-0.0363,0.9445,0,13.4291,-3.5273,0.0647,1]},
{"frame":13,"values":[0.5173,-0.8323,0.1994,0,0.7669,0.5542,0.3236,0,-0.3798,-0.0145,0.9249,0,13.4291,-3.5273,0.0647,1]},
{"frame":14,"values":[0.5365,-0.8052,0.2525,0,0.7226,0.5929,0.3555,0,-0.4359,-0.0083,0.8999,0,13.4291,-3.5273,0.0647,1]},
{"frame":15,"values":[0.5582,-0.7723,0.3032,0,0.6717,0.6352,0.3812,0,-0.487,-0.0091,0.8734,0,13.4291,-3.5273,0.0647,1]},
{"frame":16,"values":[0.5964,-0.7236,0.3474,0,0.6111,0.6899,0.388,0,-0.5204,-0.0192,0.8537,0,13.4291,-3.5273,0.0647,1]},
{"frame":17,"values":[0.6349,-0.6724,0.3806,0,0.5491,0.7392,0.3899,0,-0.5435,-0.0385,0.8385,0,13.4291,-3.5273,0.0647,1]},
{"frame":18,"values":[0.6489,-0.6504,0.3949,0,0.5257,0.7584,0.3853,0,-0.5501,-0.0424,0.834,0,13.4291,-3.5273,0.0647,1]},
{"frame":19,"values":[0.6408,-0.6719,0.3713,0,0.5595,0.74,0.3734,0,-0.5256,-0.0315,0.8501,0,13.4291,-3.5273,0.0647,1]},
{"frame":20,"values":[0.6081,-0.7312,0.3091,0,0.6363,0.6818,0.361,0,-0.4747,-0.0228,0.8799,0,13.4291,-3.5273,0.0647,1]},
{"frame":21,"values":[0.5629,-0.7869,0.2527,0,0.695,0.6162,0.3705,0,-0.4473,-0.0329,0.8938,0,13.4291,-3.5273,0.0647,1]},
{"frame":22,"values":[0.5242,-0.8205,0.228,0,0.7146,0.5694,0.4063,0,-0.4632,-0.05,0.8849,0,13.4291,-3.5273,0.0647,1]},
{"frame":23,"values":[0.4905,-0.8474,0.2032,0,0.7264,0.5264,0.4418,0,-0.4814,-0.0691,0.8738,0,13.4291,-3.5273,0.0647,1]},
{"frame":24,"values":[0.4583,-0.8763,0.1483,0,0.7559,0.4721,0.4537,0,-0.4676,-0.0959,0.8787,0,13.4291,-3.5273,0.0647,1]},
{"frame":30,"values":[0.1592,-0.452,0.8777,0,0.9769,-0.0561,-0.2061,0,0.1424,0.8902,0.4326,0,13.4291,-3.5273,0.0647,1]},
{"frame":31,"values":[0.1876,-0.4273,0.8845,0,0.9711,-0.0543,-0.2322,0,0.1472,0.9025,0.4047,0,13.4291,-3.5273,0.0647,1]},
{"frame":32,"values":[0.1928,-0.3809,0.9043,0,0.9742,-0.036,-0.2229,0,0.1174,0.9239,0.3641,0,13.4291,-3.5273,0.0647,1]},
{"frame":33,"values":[0.19,-0.3066,0.9327,0,0.9779,-0.0257,-0.2076,0,0.0877,0.9515,0.295,0,13.4291,-3.5273,0.0647,1]},
